polygon p1 0.004 65.769 377.803 229.325 266.384 109.480 23.522 339.432 339.648 467.346 191.751 259.708 415.483 17.286 26.731 264.850 335.575 3.849 191.708 33.421 208.743 343.386 294.488 465.218 423.083 263.464 45.982 326.959 208.000 350.595 455.160 381.099 131.226 23.732 368.041 164.117 316.319 378.205 495.519 182.669 123.519 491.275 361.330 376.678 325.759 36.343 315.817 442.354 136.355 218.206 383.247 238.866 118.887 137.453 179.632 83.254 243.259 448.828 454.604 30.282 452.327 252.261 258.146 159.516 493.321 246.988 133.072 45.366 473.882 36.875 250.354 192.071 138.541 456.909 264.874 232.223 470.490 25.042 380.757 385.102 413.909 62.683 7.934 344.228 434.124 314.772 368.112 362.706 499.729 444.286 116.597 153.161 175.508 256.637 295.557 422.991 206.040 420.755 134.659 207.697 
polygon p2 268.652 233.959 143.606 89.164 76.860 285.827 401.203 16.527 267.225 249.240 477.680 374.146 277.292 445.369 312.425 421.020 79.884 106.376 357.355 65.214 45.495 137.294 1.500 207.147 13.438 354.910 468.949 119.955 90.448 158.770 443.495 326.029 75.168 340.673 192.907 193.863 249.871 73.767 293.593 422.788 295.054 477.704 278.073 74.076 491.653 204.383 70.910 282.449 126.063 244.257 
polygon p3 232.015 480.548 63.015 99.879 159.625 314.635 63.356 325.627 310.817 401.536 123.921 238.216 194.657 101.625 14.188 450.837 213.249 71.011 473.743 205.157 
polygon p4 65.594 442.824 46.087 81.099 35.532 182.670 126.529 67.555 391.577 227.654 174.762 226.150 404.472 465.837 325.823 107.624 339.796 454.461 125.063 430.430 235.631 252.978 300.197 408.781 377.922 231.122 475.684 316.369 219.665 412.349 344.490 351.103 493.573 477.207 425.635 144.658 268.713 257.217 51.717 207.014 288.358 438.283 220.019 364.874 434.632 357.821 400.360 353.268 370.858 9.546 443.016 262.494 231.661 32.597 356.711 244.472 333.840 341.025 99.777 458.317 432.941 445.009 271.974 69.597 225.174 494.681 107.766 223.012 157.866 257.330 
polygon p5 440.752 219.863 233.766 403.325 182.579 
save file1.txt p1 p5 p3 p4
intersection q p1 p2
setcol q 1 0 0
setcol p2 1 1 0
vertices p4
inside p5 p2
list
this is an error
# this is a comment
area
printt
union p3 p4
setcol p3 0 0 1
bbox box q p4
centroid p1
draw image1.png p2 p3 box p1 q
# bye
